==============================================================================
1. КУ (относительный угол) в записи — меняется ли через курс судна
==============================================================================
Wave.direction (задан константой): std=0.000 уник=1
Wind.direction (задан константой): std=0.000 уник=1
Course (менялся манёврами):        std=116.9 уник=8399
КУ волнения = волна − курс:  std=116.9°  диапазон [-180; 180]
КУ ветра = ветер − курс:     std=79.2°  диапазон [-180; 180]
  доля времени КУ встречная (±0-30°): 4 %
  доля времени КУ лаговая (60-120°): 50 %
  доля времени КУ кормовая (150-180°): 18 %

==============================================================================
2. Погодные состояния (ступени Wave.Highest) × амплитуда качки × КУ
==============================================================================
Погодных состояний (ступеней): 49
  h_s  n_rows  roll_std  pitch_std  vert_std  ku_std  ku_lag_share  sog_mean  rot_std  wind_force
 4.70      47      0.58       0.00      0.29    2.25          1.00      5.56     2.60       29.11
 4.80      60      0.60       0.00      0.43    1.17          1.00      5.60     1.40       31.07
 4.90      60      1.01       0.00      0.51    0.11          1.00      5.35     0.43       32.48
 5.00      60      0.67       0.00      0.38    0.85          1.00      5.50     0.78       33.37
 5.10      61      1.24       0.01      0.57    1.40          1.00      6.08     0.53       33.84
 5.20      59      1.11       0.01      0.89    1.15          1.00      6.64     0.57       34.03
 5.30      60      0.51       0.00      0.37    0.57          1.00      7.05     3.54       34.54
 5.40      60      1.59       0.01      0.88    2.56          1.00      7.25     1.14       36.48
 5.50      61      0.93       0.01      0.61    5.41          1.00      7.31     3.79       37.54
 5.60      59      0.47       0.01      0.37    4.65          0.95      6.71     3.35       33.59
 5.70      60      0.21       0.01      0.34    2.83          0.00      6.27     0.85       28.32
 5.80      60      0.13       0.03      0.39    1.64          0.00      6.00     0.90       24.37
 5.90      61      0.11       0.04      0.42    0.61          0.00      6.03     1.29       22.00
 6.00      59      0.13       0.04      0.40    2.32          0.00      6.31     5.18       22.15
 6.10      60      0.36       0.03      0.26    7.03          0.50      6.84     3.31       27.45
 6.20      60      1.25       0.03      0.59    6.86          1.00      7.05     1.77       33.48
 6.30      61      1.51       0.03      0.57    4.39          1.00      7.12     2.33       34.85
 6.40      60      1.24       0.04      0.53    1.79          1.00      7.34     3.96       34.55
 6.50      59      1.78       0.05      0.52    1.21          1.00      7.61     2.24       36.65
 6.60      60      2.09       0.03      0.89    2.98          1.00      7.63     1.45       40.44
 6.80      60      1.82       0.01      0.93    3.39          1.00      7.28     0.65       43.15
 6.90      60      2.92       0.05      0.94    2.54          1.00      6.87     0.77       43.08
 7.10      59      3.45       0.05      0.67    1.52          1.00      6.69     0.61       41.71
 7.20      60      1.51       0.12      0.51    1.13          1.00      6.59     1.16       40.66
 7.40      59      0.83       0.09      0.30    0.51          1.00      6.30     0.81       39.94
 7.50      61      0.48       0.17      0.59    0.36          1.00      6.12     0.62       40.00
 7.60      59      1.66       0.17      0.43    0.88          1.00      6.08     1.50       40.78
 7.80      60      2.28       0.13      0.82    3.08          1.00      6.30     8.48       41.86
 7.90      60      2.84       0.13      1.45    8.05          1.00      7.30     4.71       39.81
 8.10      61      2.77       0.09      0.81    4.30          0.21      7.74     2.49       35.57
 8.20      59      1.47       0.13      0.58    4.15          0.00      8.10     1.06       30.61
 8.40      59      0.96       0.18      1.37    4.81          0.00      8.28     1.09       22.65
 8.50      60      0.91       0.41      1.38  139.37          0.00      8.12     2.37       16.32
 8.60      59      0.74       0.59      0.88    8.84          0.00      7.31     3.37       24.67
 8.80      61      2.43       0.34      0.58   10.95          0.38      5.58     1.92       43.63
 8.90      59      8.56       0.20      1.18    5.25          1.00      4.24     4.23       50.28
 9.10      59      3.96       0.08      0.71    3.93          1.00      3.98     2.47       48.45
 9.20      60      3.60       0.08      1.13    3.04          1.00      4.17     0.91       44.53
 9.40      61      1.93       0.09      0.83    3.15          0.18      4.38     0.68       39.85
 9.50      59      1.67       0.23      0.81    3.63          0.00      4.40     1.10       33.30
 9.60      60      1.38       0.67      0.84    3.46          0.00      4.27     2.10       25.45
 9.80      60      0.94       0.77      0.94    4.29          0.00      4.05     2.19       16.83
 9.90      61      0.63       0.79      1.07    6.45          0.00      3.70     1.58        9.82
10.10      59      0.63       0.68      0.76    9.73          0.00      3.31     4.48       18.07
10.20      60      2.31       0.43      0.93   11.28          0.63      3.36     2.92       37.96
10.40      59      4.21       0.18      1.14    7.15          1.00      4.18     7.45       45.27
10.50      60      6.00       0.24      1.33    1.64          1.00      5.18    11.49       44.80
10.70      60      6.53       0.28      1.70    9.53          1.00      5.47    12.17       51.56
10.80    5631      4.65       0.69      1.11  125.63          0.41      6.55    13.67       38.35

--- Корреляции по состояниям (амплитуда качки vs условия) ---
corr(std Roll, h_s):            +0.557
corr(std Pitch, h_s):           +0.736
corr(std Vertical, h_s):        +0.680
corr(std Roll, разброс КУ):     +0.123
corr(std Roll, доля лагового КУ): +0.326
corr(std Roll, std Course):     +0.122
corr(std ROT, std Course):      +0.365  (манёвры)
corr(SOG_mean, h_s):            -0.491

==============================================================================
3. Мгновенные корреляции с КУ (sin/cos, весь активный регион)
==============================================================================
corr(Roll, sin(КУ волны)):  -0.001
corr(Roll, cos(КУ волны)):  +0.010
corr(|Roll|, |sin(КУ)|):    +0.323
corr(Pitch, cos(КУ волны)): +0.016

==============================================================================
4. Скорость судна / ветер / ROT — сводка по состояниям
==============================================================================
SOG: медиана 6.7 уз, диапазон [2.6; 8.8]
Wind.Force Summary: медиана 39.7 тс, std 11.5
corr(Wave.Highest, Wind.Force Summary) = +0.163  (согласованность изменения погодных условий)
ROT: std 14.9 °/мин; corr(ROT, скорость изменения курса): +0.985
